1044214950
753655846
947939095
846842746
1060428622
242555163
333850404
990988879
867801552
1027071720
914695693
964509904
738613413
1091716390
490278929
564700878
539928958
1013374009
802092827
1012287319
676814083
941931322
303105812
864532776
1216166445
105868778
470791956
701143570
1064706135
1261054330
726037578
1128097073
845209758
1154128241
598121338
782850225
388303747
1220688048
128325361
1086731576
1025495578
403876737
1116741553
925464127
1027206311
1009433268
622412634
939590955
931074478
732829796
548565871
690925109
718506292
513449070
1110272916
1106568859
533138506
1076017167
945066626
461087618
709894229
897717525
326922720
765158808
754323233
643436123
787211699
453926326
646566753
764770101
512703891
498989596
1140452038
458628716
199818649
539279492
348241287











1044214950
1044214950
